10407,4868,145.5682042,43.01920863,0.9553346555,4960,78.72820399,0.4227896474,316.465,0.6108141126,3.383795491,1
10408,6170,164.0432217,48.47617848,0.9553400875,6380,88.63344736,0.4913985346,354.387,0.6173613878,3.383996569,1
10409,6154,164.3594824,48.56868995,0.9553418684,6305,88.51845095,0.4205850191,360.455,0.5952031865,3.384062502,1
10410,10076,164.2547028,79.37100753,0.8754994655,10445,113.2658892,0.6106666667,414.635,0.7364887296,2.069454678,0
10411,6275,166.3065204,49.13418301,0.9553602092,6529,89.38444016,0.6171321794,370.048,0.5758474812,3.384741747,1
10412,6162,164.5714362,48.61611225,0.9553704523,6417,88.57596782,0.5895522388,357.974,0.6042665986,3.385121281,1
10413,5643,157.4737864,46.51763795,0.9553738979,5815,84.76373488,0.7478134111,341.664,0.6074652962,3.38524898,1
10414,5254,151.4552233,44.73966257,0.9553740947,5474,81.78997841,0.4980566878,349.491,0.5405401274,3.385256272,1
10415,6496,168.8967836,49.87657143,0.9554021064,6705,90.94484088,0.4259672131,365.979,0.6094576714,3.386294983,1
10416,8489,150.2291805,72.59040537,0.8755112293,8702,103.9640827,0.615055789,363.097,0.8091351654,2.069545964,0
10417,7567,142.0501142,68.63676933,0.8755171716,7736,98.1560168,0.5942825728,345.242,0.7977858889,2.069592081,0
10418,9985,162.7080704,78.61391488,0.8755324699,10181,112.7532565,0.6217310087,396.433,0.7983959684,2.069710822,0
10419,6247,164.8313681,48.67043965,0.9554125733,6406,89.18479375,0.5337491456,358.968,0.6092140339,3.386683361,1
10420,6946,136.0851269,65.75009749,0.8755352884,7089,94.04212821,0.6577651515,329.385,0.8045203011,2.069732701,0
10421,6088,163.534946,48.28392471,0.9554195937,6292,88.04250308,0.5539581438,360.166,0.5897651182,3.386943935,1
10422,5854,160.4142017,47.35611879,0.9554319254,6006,86.33391162,0.4219099099,350.514,0.5987587102,3.387401793,1
10423,6665,171.4301294,50.60463998,0.9554382469,6792,92.120256,0.4265873016,372.72,0.6028990824,3.387636578,1
10424,7835,144.5075815,69.81923057,0.8755360942,8010,99.87908606,0.7719211823,354.898,0.7817029681,2.069738957,0
10425,8409,149.8320146,72.38621039,0.875556477,8695,103.4730464,0.6255765511,366.709,0.785798289,2.069897205,0
10426,6782,135.1804149,65.30560763,0.8755653906,6957,92.92529576,0.5897391304,331.117,0.7773286813,2.069966422,0
10427,4606,142.2638454,41.98611613,0.9554575684,4718,76.58029344,0.4439946019,307.348,0.6127354607,3.388354498,1
10428,8632,151.92,73.39220031,0.8755664605,8813,104.8360804,0.7571929825,367.94,0.8012486073,2.06997473,0
10429,5818,161.2756139,47.5938285,0.9554637018,6076,86.06804094,0.4410248636,349.534,0.5984181083,3.38858249,1
10430,6249,166.6867891,49.18909674,0.9554666968,6470,89.19906903,0.7278127184,357.865,0.6131714674,3.388693839,1
10431,6645,170.7117796,50.37541246,0.9554693287,6866,91.98193722,0.5017366355,372.267,0.6025537178,3.3887917,1
10432,6338,168.3423779,49.67463679,0.9554722418,6575,89.83202232,0.5078525641,365.385,0.5965689834,3.388900025,1
10433,6266,128.962259,62.29951093,0.8755744089,6350,89.32031677,0.8088292242,307.096,0.8349335935,2.070036459,0
10434,7867,145.2256658,70.15384216,0.8755829517,8051,100.0828432,0.7924053183,352.731,0.7945692522,2.07010281,0
10435,9203,157.0894725,75.88460861,0.8755838526,9597,108.2479724,0.6201064618,386.202,0.7753722414,2.070109807,0
10436,5400,153.5430008,45.30559098,0.9554763265,5526,82.91859587,0.5472788081,333.47,0.6102251247,3.389051935,1
